4294967278,47
4294967278,46
4294967279,295
4294967279,308
4294967278,50
4294967278,49
4294967278,48
4294967279,429
4294967279,403
4294967278,56
4294967278,55
4294967278,54
4294967278,53
4294967278,52
4294967278,51
4294967279,77
4294967279,75
4294967279,74
4294967279,73
4294967279,72
4294967279,71
4294967279,69
4294967279,67
4294967279,66
4294967279,65
4294967279,64
4294967279,63
4294967279,62
4294967279,61
4294967279,60
4294967279,57
4294967279,55
4294967279,307
4294967279,142
4294967279,141
4294967294,114
4294967279,292
4294967279,278
4294967279,277
4294967279,135
4294967294,401
4294967279,133
4294967279,134
4294967294,89
4294967279,291
4294967279,274
4294967279,272
44,4
4294967279,273
44,3
44,2
44,1
4294967279,289
4294967294,395
4294967294,409
4294967294,413
4294967294,178
4294967294,421
4294967294,407
4294967294,1018
4294967294,385
4294967294,981
4294967294,403
4294967294,420
4294967294,384
4294967294,425
4294967294,411
4294967294,168
4294967294,451
4294967294,460
4294967294,457
4294967294,418
4294967294,453
4294967294,160
4294967279,302
4294967279,268
4294967279,267
4294967279,266
4294967279,265
43,4
43,2
43,1
4294967279,264
4294967279,54
4294967279,52
4294967279,51
4294967279,50
4294967279,49
4294967279,48
4294967279,47
4294967279,45
4294967279,43
4294967279,41
4294967279,40
4294967279,39
4294967279,38
4294967279,37
4294967279,36
4294967279,35
4294967279,33
4294967279,30
4294967279,28
4294967279,27
4294967279,26
4294967279,25
4294967279,24
4294967279,22
4294967279,20
4294967279,19
4294967279,17
4294967279,16
4294967279,14
4294967279,12
4294967279,11
4294967279,10
4294967279,9
4294967279,285
4294967278,377
4294967278,376
4294967279,442
4294967294,1
4294967279,428
4294967279,275
4294967279,432
4294967278,375
4294967278,374
4294967294,8
4294967278,373
4294967279,441
4294967278,372
4294967278,337
4294967279,440
4294967279,410
4294967279,0
4294967278,371
4294967278,370
4294967278,346
4294967278,0
4294967294,1420
4294967294,975
4294967294,186
4294967294,471
4294967294,971
4294967294,1021
4294967294,6
4294967294,107
4294967294,25
4294967294,0
4294967294,92
4294967294,91
4294967294,90
4294967294,88
4294967294,87
4294967294,86
4294967294,85
4294967294,84
4294967294,1022
4294967294,988
4294967294,1019
4294967294,29
4294967294,419
4294967294,28
4294967294,53
4294967294,392
4294967294,441
4294967294,46
4294967294,389
4294967294,430
4294967294,426
4294967294,120
4294967294,2
4294967294,393
4294967294,45
4294967294,1421
4294967294,44
4294967294,41
4294967294,43
4294967294,18
4294967294,127
4294967294,14
4294967294,126
4294967294,20
4294967294,13
4294967294,50
4294967294,417
4294967294,51
4294967294,52
4294967294,473
4294967294,438
4294967294,1419
4294967294,83
4294967294,185
4294967294,182
4294967294,176
4294967294,173
4294967294,170
4294967294,1035
4294967294,1031
4294967294,163
4294967294,190
4294967294,162
4294967294,1032
4294967294,1418
4294967278,132
4294967278,131
4294967278,130
4294967278,129
4294967278,128
4294967278,127
4294967278,126
4294967278,125
4294967278,124
4294967278,123
4294967278,122
4294967278,120
4294967278,117
4294967278,114
4294967278,331
4294967278,113
4294967278,235
4294967278,112
4294967278,111
4294967278,231
4294967278,110
4294967278,109
4294967278,108
4294967278,107
4294967278,106
4294967278,221
4294967278,105
4294967278,104
4294967278,103
4294967278,102
4294967278,101
4294967278,100
4294967278,99
4294967278,98
4294967278,97
4294967278,96
4294967278,95
4294967278,94
4294967278,93
4294967278,92
4294967278,91
4294967278,90
4294967278,89
4294967278,87
4294967278,86
4294967278,85
4294967278,84
4294967278,83
4294967278,82
4294967278,81
4294967278,80
4294967278,79
4294967278,78
4294967278,77
4294967278,76
4294967278,75
4294967278,74
4294967278,73
4294967278,72
4294967278,71
4294967278,70
4294967278,69
4294967278,68
4294967278,67
4294967278,66
4294967278,65
4294967278,64
4294967278,63
4294967278,62
4294967278,61
4294967278,60
4294967278,59
4294967278,58
4294967278,57
4294967279,76
4294967279,70
4294967279,68
4294967279,59
4294967279,58
4294967279,56
4294967279,53
4294967279,46
4294967279,44
4294967279,42
4294967279,34
4294967279,32
4294967279,31
4294967279,29
4294967279,23
4294967279,21
4294967279,18
4294967279,15
4294967279,13
4294967279,8
4294967279,7
4294967279,6
4294967279,5
4294967279,4
2,4
4294967294,22
4294967278,254
4294967278,253
42,4
42,3
42,2
42,1
4294967278,252
4294967278,121
4294967278,251
4294967278,248
16,4
4294967294,17
4294967294,99
4294967294,76
4294967294,1422
4294967294,1020
4294967294,26
4294967294,30
4294967294,97
